 18
  0
 12
  1  0  0  0  1  0  0  0  1    0.000000    0.000000    0.000000    1.000000    0.000000    0.000000    0.000000    0.000000    0.000000    1.000000    0.000000
 -1  1  0 -1  0  0  0  0 -1    0.000000    0.000000    0.000000    0.866025   -0.500000    0.000000    0.000000    0.000000    0.000000    0.866025    0.500000
  0 -1  0  1 -1  0  0  0  1    0.000000    0.000000    0.000000    0.500000   -0.866025    0.000000    0.000000    0.000000    0.000000    0.500000    0.866025
  1  0  0  0  1  0  0  0 -1    0.000000    0.000000    0.000000    0.000000    1.000000    0.000000    0.000000    0.000000    0.000000    0.000000   -1.000000
 -1  1  0 -1  0  0  0  0  1    0.000000    0.000000    0.000000    0.500000    0.866025    0.000000    0.000000    0.000000    0.000000    0.500000   -0.866025
  0 -1  0  1 -1  0  0  0 -1    0.000000    0.000000    0.000000    0.866025    0.500000    0.000000    0.000000    0.000000    0.000000    0.866025   -0.500000
 -1  1  0  0  1  0  0  0  1    0.000000    0.000000    0.000000    0.000000    0.000000    0.000000    1.000000    0.000000    1.000000    0.000000    0.000000
  0 -1  0 -1  0  0  0  0 -1    0.000000    0.000000    0.000000    0.000000    0.000000   -0.500000    0.866025    0.500000    0.866025    0.000000    0.000000
  1  0  0  1 -1  0  0  0  1    0.000000    0.000000    0.000000    0.000000    0.000000   -0.866025    0.500000    0.866025    0.500000    0.000000    0.000000
 -1  1  0  0  1  0  0  0 -1    0.000000    0.000000    0.000000    0.000000    0.000000    1.000000    0.000000   -1.000000    0.000000    0.000000    0.000000
  0 -1  0 -1  0  0  0  0  1    0.000000    0.000000    0.000000    0.000000    0.000000   -0.866025   -0.500000    0.866025   -0.500000    0.000000    0.000000
  1  0  0  1 -1  0  0  0 -1    0.000000    0.000000    0.000000    0.000000    0.000000    0.500000    0.866025   -0.500000    0.866025    0.000000    0.000000
 10
    0.666667   -0.333333    0.000000
    0.500000   -0.250000    0.000000
    0.333333   -0.166667    0.000000
    0.166667   -0.083333    0.000000
    0.000000    0.000000    0.000000
    0.000000    0.000000    0.000000
   -0.166667    0.083333    0.000000
   -0.333333    0.166667    0.000000
   -0.500000    0.250000    0.000000
   -0.666667    0.333333    0.000000
  6
    1    2    3    4    5    6 
  1  1  -14.560325    1.000000    0.000000   -0.500000   -0.866025   -0.500000    0.866026    1.000000    0.000000   -0.500000   -0.866025   -0.500000    0.866026 
  2  1  -14.404231    1.000000    0.000000    0.500000    0.866026   -0.500000    0.866026   -1.000000    0.000000   -0.500000   -0.866025    0.500000   -0.866025 
  3  1   -7.945984    1.000000    0.000000   -1.000000    0.000000    1.000000    0.000000   -1.000000    0.000000    1.000000    0.000000   -1.000000    0.000000 
  4  1   -7.119971    1.000000    0.000000   -0.500000    0.866026   -0.500000   -0.866025    1.000000    0.000000   -0.500000    0.866026   -0.500000   -0.866025 
  5  1   -6.624478    1.000000    0.000000    1.000000    0.000000    1.000000    0.000000    1.000000    0.000000    1.000000    0.000000    1.000000    0.000000 
  6  1   -6.116341    1.000000    0.000000   -0.500000   -0.866025   -0.500000    0.866026    1.000000    0.000000   -0.500000   -0.866025   -0.500000    0.866026 
  7  1   -5.433801    1.000000    0.000000    0.500000   -0.866025   -0.500000   -0.866025   -1.000000    0.000000   -0.500000    0.866026    0.500000    0.866026 
  8  1   -4.692202    1.000000    0.000000    0.500000    0.866026   -0.500000    0.866026   -1.000000    0.000000   -0.500000   -0.866025    0.500000   -0.866025 
  9  1   -2.561934    1.000000    0.000000    1.000000    0.000000    1.000000    0.000000    1.000000    0.000000    1.000000    0.000000    1.000000    0.000000 
 10  1   -0.886609    1.000000    0.000000   -0.500000    0.866026   -0.500000   -0.866025    1.000000    0.000000   -0.500000    0.866026   -0.500000   -0.866025 
 11  1    0.506093    1.000000    0.000000   -1.000000    0.000000    1.000000    0.000000   -1.000000    0.000000    1.000000    0.000000   -1.000000    0.000000 
 12  1    0.980603    1.000000    0.000000   -0.500000   -0.866025   -0.500000    0.866026    1.000000    0.000000   -0.500000   -0.866025   -0.500000    0.866026 
 13  1    2.339820    1.000000    0.000000    0.500000    0.866026   -0.500000    0.866026   -1.000000    0.000000   -0.500000   -0.866025    0.500000   -0.866025 
 14  1    4.716087    1.000000    0.000000    1.000000    0.000000    1.000000    0.000000    1.000000    0.000000    1.000000    0.000000    1.000000    0.000000 
 15  1    5.133714    1.000000    0.000000   -0.500000    0.866026   -0.500000   -0.866025    1.000000    0.000000   -0.500000    0.866026   -0.500000   -0.866025 
 16  1    7.127864    1.000000    0.000000    0.500000   -0.866025   -0.500000   -0.866025   -1.000000    0.000000   -0.500000    0.866025    0.500000    0.866025 
  2
    1    4 
  1  1  -14.846721    1.000000    0.000000    1.000000    0.000000 
  2  1  -14.554265    1.000000    0.000000   -1.000000    0.000000 
  3  1   -7.660741    1.000000    0.000000    1.000000    0.000000 
  4  1   -7.456068    1.000000    0.000000   -1.000000    0.000000 
  5  1   -6.149898    1.000000    0.000000    1.000000    0.000000 
  6  1   -5.777754    1.000000    0.000000   -1.000000    0.000000 
  7  1   -5.460541    1.000000    0.000000    1.000000    0.000000 
  8  1   -4.176680    1.000000    0.000000   -1.000000    0.000000 
  9  1   -3.062257    1.000000    0.000000    1.000000    0.000000 
 10  1   -0.383029    1.000000    0.000000    1.000000    0.000000 
 11  1    0.243599    1.000000    0.000000    1.000000    0.000000 
 12  1    0.550284    1.000000    0.000000   -1.000000    0.000000 
 13  1    2.061833    1.000000    0.000000   -1.000000    0.000000 
 14  1    5.019207    1.000000    0.000000    1.000000    0.000000 
 15  1    5.894228    1.000000    0.000000    1.000000    0.000000 
 16  1    6.150099    1.000000    0.000000   -1.000000    0.000000 
  2
    1    4 
  1  1  -15.613041    1.000000    0.000000    1.000000    0.000000 
  2  1  -14.921544    1.000000    0.000000   -1.000000    0.000000 
  3  1   -7.480736    1.000000    0.000000    1.000000    0.000000 
  4  1   -6.355465    1.000000    0.000000    1.000000    0.000000 
  5  1   -6.196930    1.000000    0.000000   -1.000000    0.000000 
  6  1   -5.722300    1.000000    0.000000   -1.000000    0.000000 
  7  1   -4.510731    1.000000    0.000000    1.000000    0.000000 
  8  1   -3.579871    1.000000    0.000000   -1.000000    0.000000 
  9  1   -3.341438    1.000000    0.000000    1.000000    0.000000 
 10  1   -0.605268    1.000000    0.000000    1.000000    0.000000 
 11  1   -0.079795    1.000000    0.000000    1.000000    0.000000 
 12  1    0.135272    1.000000    0.000000   -1.000000    0.000000 
 13  1    1.626944    1.000000    0.000000   -1.000000    0.000000 
 14  1    4.438091    1.000000    0.000000    1.000000    0.000000 
 15  1    4.609165    1.000000    0.000000   -1.000000    0.000000 
 16  1    5.401046    1.000000    0.000000    1.000000    0.000000 
  2
    1    4 
  1  1  -16.344999    1.000000    0.000000    1.000000    0.000000 
  2  1  -15.266394    1.000000    0.000000   -1.000000    0.000000 
  3  1   -7.830403    1.000000    0.000000    1.000000    0.000000 
  4  1   -5.754761    1.000000    0.000000    1.000000    0.000000 
  5  1   -5.217995    1.000000    0.000000   -1.000000    0.000000 
  6  1   -4.861917    1.000000    0.000000    1.000000    0.000000 
  7  1   -4.582940    1.000000    0.000000   -1.000000    0.000000 
  8  1   -3.506800    1.000000    0.000000   -1.000000    0.000000 
  9  1   -2.761798    1.000000    0.000000    1.000000    0.000000 
 10  1   -0.134834    1.000000    0.000000    1.000000    0.000000 
 11  1   -0.037742    1.000000    0.000000   -1.000000    0.000000 
 12  1    0.159830    1.000000    0.000000    1.000000    0.000000 
 13  1    0.752194    1.000000    0.000000   -1.000000    0.000000 
 14  1    3.325192    1.000000    0.000000    1.000000    0.000000 
 15  1    3.485950    1.000000    0.000000   -1.000000    0.000000 
 16  1    4.223393    1.000000    0.000000    1.000000    0.000000 
 12
    1    2    3    4    5    6    7    8    9   10   11   12 
  1  1  -16.632326    1.000000    0.000000    1.000000    0.000000    1.000000    0.000000    1.000000    0.000000    1.000000    0.000000    1.000000    0.000000    1.000000    0.000000    1.000000    0.000000    1.000000    0.000000    1.000000    0.000000    1.000000    0.000000    1.000000    0.000000 
  2  1  -15.402557    1.000000    0.000000   -1.000000    0.000000    1.000000    0.000000   -1.000000    0.000000    1.000000    0.000000   -1.000000    0.000000    1.000000    0.000000   -1.000000    0.000000    1.000000    0.000000   -1.000000    0.000000    1.000000    0.000000   -1.000000    0.000000 
  3  1   -8.150420    1.000000    0.000000    1.000000    0.000000    1.000000    0.000000    1.000000    0.000000    1.000000    0.000000    1.000000    0.000000    1.000000    0.000000    1.000000    0.000000    1.000000    0.000000    1.000000    0.000000    1.000000    0.000000    1.000000    0.000000 
  4  2   -5.167597    2.000000    0.000000   -1.000000    0.000000   -1.000000    0.000000    2.000000    0.000000   -1.000000    0.000000   -1.000000    0.000000    0.000000    0.000000    0.000000    0.000000    0.000000    0.000000    0.000000    0.000000    0.000000    0.000000    0.000000    0.000000 
  6  1   -4.290390    1.000000    0.000000   -1.000000    0.000000    1.000000    0.000000   -1.000000    0.000000    1.000000    0.000000   -1.000000    0.000000    1.000000    0.000000   -1.000000    0.000000    1.000000    0.000000   -1.000000    0.000000    1.000000    0.000000   -1.000000    0.000000 
  7  2   -4.040113    2.000000    0.000000    1.000000    0.000000   -1.000000    0.000000   -2.000000    0.000000   -1.000000    0.000000    1.000000    0.000000    0.000000    0.000000    0.000000    0.000000    0.000000    0.000000    0.000000    0.000000    0.000000    0.000000    0.000000    0.000000 
  9  1   -2.567807    1.000000    0.000000    1.000000    0.000000    1.000000    0.000000    1.000000    0.000000    1.000000    0.000000    1.000000    0.000000    1.000000    0.000000    1.000000    0.000000    1.000000    0.000000    1.000000    0.000000    1.000000    0.000000    1.000000    0.000000 
 10  2    0.249824    2.000000    0.000000    1.000000    0.000000   -1.000000    0.000000   -2.000000    0.000000   -1.000000    0.000000    1.000000    0.000000    0.000000    0.000000    0.000000    0.000000    0.000000    0.000000    0.000000    0.000000    0.000000    0.000000    0.000000    0.000000 
 12  2    0.482246    2.000000    0.000000   -1.000000    0.000000   -1.000000    0.000000    2.000000    0.000000   -1.000000    0.000000   -1.000000    0.000000    0.000000    0.000000    0.000000    0.000000    0.000000    0.000000    0.000000    0.000000    0.000000    0.000000    0.000000    0.000000 
 14  1    2.855067    1.000000    0.000000    1.000000    0.000000    1.000000    0.000000    1.000000    0.000000    1.000000    0.000000    1.000000    0.000000    1.000000    0.000000    1.000000    0.000000    1.000000    0.000000    1.000000    0.000000    1.000000    0.000000    1.000000    0.000000 
 15  1    3.083128    1.000000    0.000000   -1.000000    0.000000    1.000000    0.000000   -1.000000    0.000000    1.000000    0.000000   -1.000000    0.000000    1.000000    0.000000   -1.000000    0.000000    1.000000    0.000000   -1.000000    0.000000    1.000000    0.000000   -1.000000    0.000000 
 16  1    3.700973    1.000000    0.000000    1.000000    0.000000    1.000000    0.000000    1.000000    0.000000    1.000000    0.000000    1.000000    0.000000    1.000000    0.000000    1.000000    0.000000    1.000000    0.000000    1.000000    0.000000    1.000000    0.000000    1.000000    0.000000 
 12
    1    2    3    4    5    6    7    8    9   10   11   12 
  1  1  -16.632326    1.000000    0.000000    1.000000    0.000000    1.000000    0.000000    1.000000    0.000000    1.000000    0.000000    1.000000    0.000000    1.000000    0.000000    1.000000    0.000000    1.000000    0.000000    1.000000    0.000000    1.000000    0.000000    1.000000    0.000000 
  2  1  -15.402557    1.000000    0.000000   -1.000000    0.000000    1.000000    0.000000   -1.000000    0.000000    1.000000    0.000000   -1.000000    0.000000    1.000000    0.000000   -1.000000    0.000000    1.000000    0.000000   -1.000000    0.000000    1.000000    0.000000   -1.000000    0.000000 
  3  1   -8.150420    1.000000    0.000000    1.000000    0.000000    1.000000    0.000000    1.000000    0.000000    1.000000    0.000000    1.000000    0.000000    1.000000    0.000000    1.000000    0.000000    1.000000    0.000000    1.000000    0.000000    1.000000    0.000000    1.000000    0.000000 
  4  2   -5.167597    2.000000    0.000000   -1.000000    0.000000   -1.000000    0.000000    2.000000    0.000000   -1.000000    0.000000   -1.000000    0.000000    0.000000    0.000000    0.000000    0.000000    0.000000    0.000000    0.000000    0.000000    0.000000    0.000000    0.000000    0.000000 
  6  1   -4.290390    1.000000    0.000000   -1.000000    0.000000    1.000000    0.000000   -1.000000    0.000000    1.000000    0.000000   -1.000000    0.000000    1.000000    0.000000   -1.000000    0.000000    1.000000    0.000000   -1.000000    0.000000    1.000000    0.000000   -1.000000    0.000000 
  7  2   -4.040113    2.000000    0.000000    1.000000    0.000000   -1.000000    0.000000   -2.000000    0.000000   -1.000000    0.000000    1.000000    0.000000    0.000000    0.000000    0.000000    0.000000    0.000000    0.000000    0.000000    0.000000    0.000000    0.000000    0.000000    0.000000 
  9  1   -2.567807    1.000000    0.000000    1.000000    0.000000    1.000000    0.000000    1.000000    0.000000    1.000000    0.000000    1.000000    0.000000    1.000000    0.000000    1.000000    0.000000    1.000000    0.000000    1.000000    0.000000    1.000000    0.000000    1.000000    0.000000 
 10  2    0.249824    2.000000    0.000000    1.000000    0.000000   -1.000000    0.000000   -2.000000    0.000000   -1.000000    0.000000    1.000000    0.000000    0.000000    0.000000    0.000000    0.000000    0.000000    0.000000    0.000000    0.000000    0.000000    0.000000    0.000000    0.000000 
 12  2    0.482246    2.000000    0.000000   -1.000000    0.000000   -1.000000    0.000000    2.000000    0.000000   -1.000000    0.000000   -1.000000    0.000000    0.000000    0.000000    0.000000    0.000000    0.000000    0.000000    0.000000    0.000000    0.000000    0.000000    0.000000    0.000000 
 14  1    2.855067    1.000000    0.000000    1.000000    0.000000    1.000000    0.000000    1.000000    0.000000    1.000000    0.000000    1.000000    0.000000    1.000000    0.000000    1.000000    0.000000    1.000000    0.000000    1.000000    0.000000    1.000000    0.000000    1.000000    0.000000 
 15  1    3.083128    1.000000    0.000000   -1.000000    0.000000    1.000000    0.000000   -1.000000    0.000000    1.000000    0.000000   -1.000000    0.000000    1.000000    0.000000   -1.000000    0.000000    1.000000    0.000000   -1.000000    0.000000    1.000000    0.000000   -1.000000    0.000000 
 16  1    3.700973    1.000000    0.000000    1.000000    0.000000    1.000000    0.000000    1.000000    0.000000    1.000000    0.000000    1.000000    0.000000    1.000000    0.000000    1.000000    0.000000    1.000000    0.000000    1.000000    0.000000    1.000000    0.000000    1.000000    0.000000 
  2
    1    4 
  1  1  -16.344999    1.000000    0.000000    1.000000    0.000000 
  2  1  -15.266394    1.000000    0.000000   -1.000000    0.000000 
  3  1   -7.830403    1.000000    0.000000    1.000000    0.000000 
  4  1   -5.754761    1.000000    0.000000    1.000000    0.000000 
  5  1   -5.217995    1.000000    0.000000   -1.000000    0.000000 
  6  1   -4.861917    1.000000    0.000000    1.000000    0.000000 
  7  1   -4.582940    1.000000    0.000000   -1.000000    0.000000 
  8  1   -3.506800    1.000000    0.000000   -1.000000    0.000000 
  9  1   -2.761798    1.000000    0.000000    1.000000    0.000000 
 10  1   -0.134834    1.000000    0.000000    1.000000    0.000000 
 11  1   -0.037742    1.000000    0.000000   -1.000000    0.000000 
 12  1    0.159830    1.000000    0.000000    1.000000    0.000000 
 13  1    0.752194    1.000000    0.000000   -1.000000    0.000000 
 14  1    3.325192    1.000000    0.000000    1.000000    0.000000 
 15  1    3.485950    1.000000    0.000000   -1.000000    0.000000 
 16  1    4.223393    1.000000    0.000000    1.000000    0.000000 
  2
    1    4 
  1  1  -15.613041    1.000000    0.000000    1.000000    0.000000 
  2  1  -14.921544    1.000000    0.000000   -1.000000    0.000000 
  3  1   -7.480736    1.000000    0.000000    1.000000    0.000000 
  4  1   -6.355465    1.000000    0.000000    1.000000    0.000000 
  5  1   -6.196930    1.000000    0.000000   -1.000000    0.000000 
  6  1   -5.722300    1.000000    0.000000   -1.000000    0.000000 
  7  1   -4.510731    1.000000    0.000000    1.000000    0.000000 
  8  1   -3.579871    1.000000    0.000000   -1.000000    0.000000 
  9  1   -3.341438    1.000000    0.000000    1.000000    0.000000 
 10  1   -0.605268    1.000000    0.000000    1.000000    0.000000 
 11  1   -0.079795    1.000000    0.000000    1.000000    0.000000 
 12  1    0.135272    1.000000    0.000000   -1.000000    0.000000 
 13  1    1.626944    1.000000    0.000000   -1.000000    0.000000 
 14  1    4.438091    1.000000    0.000000    1.000000    0.000000 
 15  1    4.609165    1.000000    0.000000   -1.000000    0.000000 
 16  1    5.401046    1.000000    0.000000    1.000000    0.000000 
  2
    1    4 
  1  1  -14.846721    1.000000    0.000000    1.000000    0.000000 
  2  1  -14.554265    1.000000    0.000000   -1.000000    0.000000 
  3  1   -7.660741    1.000000    0.000000    1.000000    0.000000 
  4  1   -7.456068    1.000000    0.000000   -1.000000    0.000000 
  5  1   -6.149898    1.000000    0.000000    1.000000    0.000000 
  6  1   -5.777754    1.000000    0.000000   -1.000000    0.000000 
  7  1   -5.460541    1.000000    0.000000    1.000000    0.000000 
  8  1   -4.176680    1.000000    0.000000   -1.000000    0.000000 
  9  1   -3.062257    1.000000    0.000000    1.000000    0.000000 
 10  1   -0.383029    1.000000    0.000000    1.000000    0.000000 
 11  1    0.243599    1.000000    0.000000    1.000000    0.000000 
 12  1    0.550284    1.000000    0.000000   -1.000000    0.000000 
 13  1    2.061833    1.000000    0.000000   -1.000000    0.000000 
 14  1    5.019207    1.000000    0.000000    1.000000    0.000000 
 15  1    5.894228    1.000000    0.000000    1.000000    0.000000 
 16  1    6.150099    1.000000    0.000000   -1.000000    0.000000 
  6
    1    2    3    4    5    6 
  1  1  -14.560325    1.000000    0.000000   -0.500000    0.866026   -0.500000   -0.866025    1.000000    0.000000   -0.500000    0.866026   -0.500000   -0.866025 
  2  1  -14.404231    1.000000    0.000000    0.500000   -0.866025   -0.500000   -0.866025   -1.000000    0.000000   -0.500000    0.866026    0.500000    0.866026 
  3  1   -7.945984    1.000000    0.000000   -1.000000    0.000000    1.000000    0.000000   -1.000000    0.000000    1.000000    0.000000   -1.000000    0.000000 
  4  1   -7.119971    1.000000    0.000000   -0.500000   -0.866025   -0.500000    0.866026    1.000000    0.000000   -0.500000   -0.866025   -0.500000    0.866026 
  5  1   -6.624478    1.000000    0.000000    1.000000    0.000000    1.000000    0.000000    1.000000    0.000000    1.000000    0.000000    1.000000    0.000000 
  6  1   -6.116341    1.000000    0.000000   -0.500000    0.866026   -0.500000   -0.866025    1.000000    0.000000   -0.500000    0.866026   -0.500000   -0.866025 
  7  1   -5.433801    1.000000    0.000000    0.500000    0.866026   -0.500000    0.866026   -1.000000    0.000000   -0.500000   -0.866025    0.500000   -0.866025 
  8  1   -4.692202    1.000000    0.000000    0.500000   -0.866025   -0.500000   -0.866025   -1.000000    0.000000   -0.500000    0.866026    0.500000    0.866026 
  9  1   -2.561934    1.000000    0.000000    1.000000    0.000000    1.000000    0.000000    1.000000    0.000000    1.000000    0.000000    1.000000    0.000000 
 10  1   -0.886609    1.000000    0.000000   -0.500000   -0.866025   -0.500000    0.866026    1.000000    0.000000   -0.500000   -0.866025   -0.500000    0.866026 
 11  1    0.506093    1.000000    0.000000   -1.000000    0.000000    1.000000    0.000000   -1.000000    0.000000    1.000000    0.000000   -1.000000    0.000000 
 12  1    0.980603    1.000000    0.000000   -0.500000    0.866026   -0.500000   -0.866025    1.000000    0.000000   -0.500000    0.866026   -0.500000   -0.866025 
 13  1    2.339820    1.000000    0.000000    0.500000   -0.866025   -0.500000   -0.866025   -1.000000    0.000000   -0.500000    0.866026    0.500000    0.866026 
 14  1    4.716087    1.000000    0.000000    1.000000    0.000000    1.000000    0.000000    1.000000    0.000000    1.000000    0.000000    1.000000    0.000000 
 15  1    5.133714    1.000000    0.000000   -0.500000   -0.866025   -0.500000    0.866026    1.000000    0.000000   -0.500000   -0.866025   -0.500000    0.866026 
 16  1    7.127864    1.000000    0.000000    0.500000    0.866025   -0.500000    0.866025   -1.000000    0.000000   -0.500000   -0.866025    0.500000   -0.866025 
