 18
  0
 12
  1  0  0  0  1  0  0  0  1    0.000000    0.000000    0.000000    1.000000    0.000000    0.000000    0.000000    0.000000    0.000000    1.000000    0.000000
 -1  1  0 -1  0  0  0  0 -1    0.000000    0.000000    0.000000    0.866025   -0.500000    0.000000    0.000000    0.000000    0.000000    0.866025    0.500000
  0 -1  0  1 -1  0  0  0  1    0.000000    0.000000    0.000000    0.500000   -0.866025    0.000000    0.000000    0.000000    0.000000    0.500000    0.866025
  1  0  0  0  1  0  0  0 -1    0.000000    0.000000    0.000000    0.000000    1.000000    0.000000    0.000000    0.000000    0.000000    0.000000   -1.000000
 -1  1  0 -1  0  0  0  0  1    0.000000    0.000000    0.000000    0.500000    0.866025    0.000000    0.000000    0.000000    0.000000    0.500000   -0.866025
  0 -1  0  1 -1  0  0  0 -1    0.000000    0.000000    0.000000    0.866025    0.500000    0.000000    0.000000    0.000000    0.000000    0.866025   -0.500000
 -1  1  0  0  1  0  0  0  1    0.000000    0.000000    0.000000    0.000000    0.000000    0.000000    1.000000    0.000000    1.000000    0.000000    0.000000
  0 -1  0 -1  0  0  0  0 -1    0.000000    0.000000    0.000000    0.000000    0.000000   -0.500000    0.866025    0.500000    0.866025    0.000000    0.000000
  1  0  0  1 -1  0  0  0  1    0.000000    0.000000    0.000000    0.000000    0.000000   -0.866025    0.500000    0.866025    0.500000    0.000000    0.000000
 -1  1  0  0  1  0  0  0 -1    0.000000    0.000000    0.000000    0.000000    0.000000    1.000000    0.000000   -1.000000    0.000000    0.000000    0.000000
  0 -1  0 -1  0  0  0  0  1    0.000000    0.000000    0.000000    0.000000    0.000000   -0.866025   -0.500000    0.866025   -0.500000    0.000000    0.000000
  1  0  0  1 -1  0  0  0 -1    0.000000    0.000000    0.000000    0.000000    0.000000    0.500000    0.866025   -0.500000    0.866025    0.000000    0.000000
 10
    0.666667   -0.333333    0.000000
    0.500000   -0.250000    0.000000
    0.333333   -0.166667    0.000000
    0.166667   -0.083333    0.000000
    0.000000    0.000000    0.000000
    0.000000    0.000000    0.000000
   -0.166667    0.083333    0.000000
   -0.333333    0.166667    0.000000
   -0.500000    0.250000    0.000000
   -0.666667    0.333333    0.000000
  6
    1    2    3    4    5    6 
  1  1  -14.560284    1.000000    0.000000    1.000000    0.000000    1.000000    0.000000    1.000000    0.000000    1.000000    0.000000    1.000000    0.000000 
  2  1  -14.404187    1.000000    0.000000   -1.000000    0.000000    1.000000    0.000000   -1.000000    0.000000    1.000000    0.000000   -1.000000    0.000000 
  3  1   -7.945929    1.000000    0.000000    0.500000   -0.866025   -0.500000   -0.866025   -1.000000    0.000000   -0.500000    0.866026    0.500000    0.866026 
  4  1   -7.119918    1.000000    0.000000   -0.500000   -0.866025   -0.500000    0.866026    1.000000    0.000000   -0.500000   -0.866025   -0.500000    0.866026 
  5  1   -6.624419    1.000000    0.000000   -0.500000    0.866026   -0.500000   -0.866025    1.000000    0.000000   -0.500000    0.866026   -0.500000   -0.866025 
  6  1   -6.116288    1.000000    0.000000    1.000000    0.000000    1.000000    0.000000    1.000000    0.000000    1.000000    0.000000    1.000000    0.000000 
  7  1   -5.433750    1.000000    0.000000    0.500000    0.866026   -0.500000    0.866026   -1.000000    0.000000   -0.500000   -0.866025    0.500000   -0.866025 
  8  1   -4.692142    1.000000    0.000000   -1.000000    0.000000    1.000000    0.000000   -1.000000    0.000000    1.000000    0.000000   -1.000000    0.000000 
  9  1   -2.561877    1.000000    0.000000   -0.500000    0.866026   -0.500000   -0.866025    1.000000    0.000000   -0.500000    0.866026   -0.500000   -0.866025 
 10  1   -0.886553    1.000000    0.000000   -0.500000   -0.866025   -0.500000    0.866026    1.000000    0.000000   -0.500000   -0.866025   -0.500000    0.866026 
 11  1    0.506145    1.000000    0.000000    0.500000   -0.866025   -0.500000   -0.866025   -1.000000    0.000000   -0.500000    0.866026    0.500000    0.866026 
 12  1    0.980667    1.000000    0.000000    1.000000    0.000000    1.000000    0.000000    1.000000    0.000000    1.000000    0.000000    1.000000    0.000000 
 13  1    2.339872    1.000000    0.000000   -1.000000    0.000000    1.000000    0.000000   -1.000000    0.000000    1.000000    0.000000   -1.000000    0.000000 
 14  1    4.716127    1.000000    0.000000   -0.500000    0.866026   -0.500000   -0.866025    1.000000    0.000000   -0.500000    0.866026   -0.500000   -0.866025 
 15  1    5.133760    1.000000    0.000000   -0.500000   -0.866025   -0.500000    0.866026    1.000000    0.000000   -0.500000   -0.866025   -0.500000    0.866026 
 16  1    7.127896    1.000000    0.000000    0.500000    0.866025   -0.500000    0.866025   -1.000000    0.000000   -0.500000   -0.866025    0.500000   -0.866025 
  2
    1    4 
  1  1  -14.846678    1.000000    0.000000    1.000000    0.000000 
  2  1  -14.554221    1.000000    0.000000   -1.000000    0.000000 
  3  1   -7.660689    1.000000    0.000000    1.000000    0.000000 
  4  1   -7.456012    1.000000    0.000000   -1.000000    0.000000 
  5  1   -6.149844    1.000000    0.000000    1.000000    0.000000 
  6  1   -5.777701    1.000000    0.000000   -1.000000    0.000000 
  7  1   -5.460483    1.000000    0.000000    1.000000    0.000000 
  8  1   -4.176623    1.000000    0.000000   -1.000000    0.000000 
  9  1   -3.062201    1.000000    0.000000    1.000000    0.000000 
 10  1   -0.382972    1.000000    0.000000    1.000000    0.000000 
 11  1    0.243656    1.000000    0.000000    1.000000    0.000000 
 12  1    0.550336    1.000000    0.000000   -1.000000    0.000000 
 13  1    2.061884    1.000000    0.000000   -1.000000    0.000000 
 14  1    5.019242    1.000000    0.000000    1.000000    0.000000 
 15  1    5.894227    1.000000    0.000000    1.000000    0.000000 
 16  1    6.150016    1.000000    0.000000   -1.000000    0.000000 
  2
    1    4 
  1  1  -15.612996    1.000000    0.000000    1.000000    0.000000 
  2  1  -14.921500    1.000000    0.000000   -1.000000    0.000000 
  3  1   -7.480684    1.000000    0.000000    1.000000    0.000000 
  4  1   -6.355408    1.000000    0.000000    1.000000    0.000000 
  5  1   -6.196877    1.000000    0.000000   -1.000000    0.000000 
  6  1   -5.722245    1.000000    0.000000   -1.000000    0.000000 
  7  1   -4.510678    1.000000    0.000000    1.000000    0.000000 
  8  1   -3.579814    1.000000    0.000000   -1.000000    0.000000 
  9  1   -3.341384    1.000000    0.000000    1.000000    0.000000 
 10  1   -0.605210    1.000000    0.000000    1.000000    0.000000 
 11  1   -0.079743    1.000000    0.000000    1.000000    0.000000 
 12  1    0.135323    1.000000    0.000000   -1.000000    0.000000 
 13  1    1.626992    1.000000    0.000000   -1.000000    0.000000 
 14  1    4.437896    1.000000    0.000000    1.000000    0.000000 
 15  1    4.608905    1.000000    0.000000   -1.000000    0.000000 
 16  1    5.401609    1.000000    0.000000    1.000000    0.000000 
  2
    1    4 
  1  1  -16.344953    1.000000    0.000000    1.000000    0.000000 
  2  1  -15.266349    1.000000    0.000000   -1.000000    0.000000 
  3  1   -7.830347    1.000000    0.000000    1.000000    0.000000 
  4  1   -5.754708    1.000000    0.000000    1.000000    0.000000 
  5  1   -5.217944    1.000000    0.000000   -1.000000    0.000000 
  6  1   -4.861866    1.000000    0.000000    1.000000    0.000000 
  7  1   -4.582882    1.000000    0.000000   -1.000000    0.000000 
  8  1   -3.506746    1.000000    0.000000   -1.000000    0.000000 
  9  1   -2.761742    1.000000    0.000000    1.000000    0.000000 
 10  1   -0.134782    1.000000    0.000000    1.000000    0.000000 
 11  1   -0.037689    1.000000    0.000000   -1.000000    0.000000 
 12  1    0.159886    1.000000    0.000000    1.000000    0.000000 
 13  1    0.752242    1.000000    0.000000   -1.000000    0.000000 
 14  1    3.324968    1.000000    0.000000    1.000000    0.000000 
 15  1    3.485631    1.000000    0.000000   -1.000000    0.000000 
 16  1    4.224007    1.000000    0.000000    1.000000    0.000000 
 12
    1    2    3    4    5    6    7    8    9   10   11   12 
  1  1  -16.632279    1.000000    0.000000    1.000000    0.000000    1.000000    0.000000    1.000000    0.000000    1.000000    0.000000    1.000000    0.000000    1.000000    0.000000    1.000000    0.000000    1.000000    0.000000    1.000000    0.000000    1.000000    0.000000    1.000000    0.000000 
  2  1  -15.402512    1.000000    0.000000   -1.000000    0.000000    1.000000    0.000000   -1.000000    0.000000    1.000000    0.000000   -1.000000    0.000000    1.000000    0.000000   -1.000000    0.000000    1.000000    0.000000   -1.000000    0.000000    1.000000    0.000000   -1.000000    0.000000 
  3  1   -8.150363    1.000000    0.000000    1.000000    0.000000    1.000000    0.000000    1.000000    0.000000    1.000000    0.000000    1.000000    0.000000    1.000000    0.000000    1.000000    0.000000    1.000000    0.000000    1.000000    0.000000    1.000000    0.000000    1.000000    0.000000 
  4  2   -5.167546    2.000000    0.000000   -1.000000    0.000000   -1.000000    0.000000    2.000000    0.000000   -1.000000    0.000000   -1.000000    0.000000    0.000000    0.000000    0.000000    0.000000    0.000000    0.000000    0.000000    0.000000    0.000000    0.000000    0.000000    0.000000 
  6  1   -4.290333    1.000000    0.000000   -1.000000    0.000000    1.000000    0.000000   -1.000000    0.000000    1.000000    0.000000   -1.000000    0.000000    1.000000    0.000000   -1.000000    0.000000    1.000000    0.000000   -1.000000    0.000000    1.000000    0.000000   -1.000000    0.000000 
  7  2   -4.040055    2.000000    0.000000    1.000000    0.000000   -1.000000    0.000000   -2.000000    0.000000   -1.000000    0.000000    1.000000    0.000000    0.000000    0.000000    0.000000    0.000000    0.000000    0.000000    0.000000    0.000000    0.000000    0.000000    0.000000    0.000000 
  9  1   -2.567752    1.000000    0.000000    1.000000    0.000000    1.000000    0.000000    1.000000    0.000000    1.000000    0.000000    1.000000    0.000000    1.000000    0.000000    1.000000    0.000000    1.000000    0.000000    1.000000    0.000000    1.000000    0.000000    1.000000    0.000000 
 10  2    0.249881    2.000000    0.000000    1.000000    0.000000   -1.000000    0.000000   -2.000000    0.000000   -1.000000    0.000000    1.000000    0.000000    0.000000    0.000000    0.000000    0.000000    0.000000    0.000000    0.000000    0.000000    0.000000    0.000000    0.000000    0.000000 
 12  2    0.482302    2.000000    0.000000   -1.000000    0.000000   -1.000000    0.000000    2.000000    0.000000   -1.000000    0.000000   -1.000000    0.000000    0.000000    0.000000    0.000000    0.000000    0.000000    0.000000    0.000000    0.000000    0.000000    0.000000    0.000000    0.000000 
 14  1    2.854862    1.000000    0.000000    1.000000    0.000000    1.000000    0.000000    1.000000    0.000000    1.000000    0.000000    1.000000    0.000000    1.000000    0.000000    1.000000    0.000000    1.000000    0.000000    1.000000    0.000000    1.000000    0.000000    1.000000    0.000000 
 15  1    3.082800    1.000000    0.000000   -1.000000    0.000000    1.000000    0.000000   -1.000000    0.000000    1.000000    0.000000   -1.000000    0.000000    1.000000    0.000000   -1.000000    0.000000    1.000000    0.000000   -1.000000    0.000000    1.000000    0.000000   -1.000000    0.000000 
 16  1    3.701355    1.000000    0.000000    1.000000    0.000000    1.000000    0.000000    1.000000    0.000000    1.000000    0.000000    1.000000    0.000000    1.000000    0.000000    1.000000    0.000000    1.000000    0.000000    1.000000    0.000000    1.000000    0.000000    1.000000    0.000000 
 12
    1    2    3    4    5    6    7    8    9   10   11   12 
  1  1  -16.632279    1.000000    0.000000    1.000000    0.000000    1.000000    0.000000    1.000000    0.000000    1.000000    0.000000    1.000000    0.000000    1.000000    0.000000    1.000000    0.000000    1.000000    0.000000    1.000000    0.000000    1.000000    0.000000    1.000000    0.000000 
  2  1  -15.402512    1.000000    0.000000   -1.000000    0.000000    1.000000    0.000000   -1.000000    0.000000    1.000000    0.000000   -1.000000    0.000000    1.000000    0.000000   -1.000000    0.000000    1.000000    0.000000   -1.000000    0.000000    1.000000    0.000000   -1.000000    0.000000 
  3  1   -8.150363    1.000000    0.000000    1.000000    0.000000    1.000000    0.000000    1.000000    0.000000    1.000000    0.000000    1.000000    0.000000    1.000000    0.000000    1.000000    0.000000    1.000000    0.000000    1.000000    0.000000    1.000000    0.000000    1.000000    0.000000 
  4  2   -5.167546    2.000000    0.000000   -1.000000    0.000000   -1.000000    0.000000    2.000000    0.000000   -1.000000    0.000000   -1.000000    0.000000    0.000000    0.000000    0.000000    0.000000    0.000000    0.000000    0.000000    0.000000    0.000000    0.000000    0.000000    0.000000 
  6  1   -4.290333    1.000000    0.000000   -1.000000    0.000000    1.000000    0.000000   -1.000000    0.000000    1.000000    0.000000   -1.000000    0.000000    1.000000    0.000000   -1.000000    0.000000    1.000000    0.000000   -1.000000    0.000000    1.000000    0.000000   -1.000000    0.000000 
  7  2   -4.040055    2.000000    0.000000    1.000000    0.000000   -1.000000    0.000000   -2.000000    0.000000   -1.000000    0.000000    1.000000    0.000000    0.000000    0.000000    0.000000    0.000000    0.000000    0.000000    0.000000    0.000000    0.000000    0.000000    0.000000    0.000000 
  9  1   -2.567752    1.000000    0.000000    1.000000    0.000000    1.000000    0.000000    1.000000    0.000000    1.000000    0.000000    1.000000    0.000000    1.000000    0.000000    1.000000    0.000000    1.000000    0.000000    1.000000    0.000000    1.000000    0.000000    1.000000    0.000000 
 10  2    0.249881    2.000000    0.000000    1.000000    0.000000   -1.000000    0.000000   -2.000000    0.000000   -1.000000    0.000000    1.000000    0.000000    0.000000    0.000000    0.000000    0.000000    0.000000    0.000000    0.000000    0.000000    0.000000    0.000000    0.000000    0.000000 
 12  2    0.482302    2.000000    0.000000   -1.000000    0.000000   -1.000000    0.000000    2.000000    0.000000   -1.000000    0.000000   -1.000000    0.000000    0.000000    0.000000    0.000000    0.000000    0.000000    0.000000    0.000000    0.000000    0.000000    0.000000    0.000000    0.000000 
 14  1    2.854862    1.000000    0.000000    1.000000    0.000000    1.000000    0.000000    1.000000    0.000000    1.000000    0.000000    1.000000    0.000000    1.000000    0.000000    1.000000    0.000000    1.000000    0.000000    1.000000    0.000000    1.000000    0.000000    1.000000    0.000000 
 15  1    3.082800    1.000000    0.000000   -1.000000    0.000000    1.000000    0.000000   -1.000000    0.000000    1.000000    0.000000   -1.000000    0.000000    1.000000    0.000000   -1.000000    0.000000    1.000000    0.000000   -1.000000    0.000000    1.000000    0.000000   -1.000000    0.000000 
 16  1    3.701355    1.000000    0.000000    1.000000    0.000000    1.000000    0.000000    1.000000    0.000000    1.000000    0.000000    1.000000    0.000000    1.000000    0.000000    1.000000    0.000000    1.000000    0.000000    1.000000    0.000000    1.000000    0.000000    1.000000    0.000000 
  2
    1    4 
  1  1  -16.344953    1.000000    0.000000    1.000000    0.000000 
  2  1  -15.266349    1.000000    0.000000   -1.000000    0.000000 
  3  1   -7.830347    1.000000    0.000000    1.000000    0.000000 
  4  1   -5.754708    1.000000    0.000000    1.000000    0.000000 
  5  1   -5.217944    1.000000    0.000000   -1.000000    0.000000 
  6  1   -4.861866    1.000000    0.000000    1.000000    0.000000 
  7  1   -4.582882    1.000000    0.000000   -1.000000    0.000000 
  8  1   -3.506746    1.000000    0.000000   -1.000000    0.000000 
  9  1   -2.761742    1.000000    0.000000    1.000000    0.000000 
 10  1   -0.134782    1.000000    0.000000    1.000000    0.000000 
 11  1   -0.037689    1.000000    0.000000   -1.000000    0.000000 
 12  1    0.159886    1.000000    0.000000    1.000000    0.000000 
 13  1    0.752242    1.000000    0.000000   -1.000000    0.000000 
 14  1    3.324968    1.000000    0.000000    1.000000    0.000000 
 15  1    3.485631    1.000000    0.000000   -1.000000    0.000000 
 16  1    4.224007    1.000000    0.000000    1.000000    0.000000 
  2
    1    4 
  1  1  -15.612996    1.000000    0.000000    1.000000    0.000000 
  2  1  -14.921500    1.000000    0.000000   -1.000000    0.000000 
  3  1   -7.480684    1.000000    0.000000    1.000000    0.000000 
  4  1   -6.355408    1.000000    0.000000    1.000000    0.000000 
  5  1   -6.196877    1.000000    0.000000   -1.000000    0.000000 
  6  1   -5.722245    1.000000    0.000000   -1.000000    0.000000 
  7  1   -4.510678    1.000000    0.000000    1.000000    0.000000 
  8  1   -3.579814    1.000000    0.000000   -1.000000    0.000000 
  9  1   -3.341384    1.000000    0.000000    1.000000    0.000000 
 10  1   -0.605210    1.000000    0.000000    1.000000    0.000000 
 11  1   -0.079743    1.000000    0.000000    1.000000    0.000000 
 12  1    0.135323    1.000000    0.000000   -1.000000    0.000000 
 13  1    1.626992    1.000000    0.000000   -1.000000    0.000000 
 14  1    4.437896    1.000000    0.000000    1.000000    0.000000 
 15  1    4.608905    1.000000    0.000000   -1.000000    0.000000 
 16  1    5.401609    1.000000    0.000000    1.000000    0.000000 
  2
    1    4 
  1  1  -14.846678    1.000000    0.000000    1.000000    0.000000 
  2  1  -14.554221    1.000000    0.000000   -1.000000    0.000000 
  3  1   -7.660689    1.000000    0.000000    1.000000    0.000000 
  4  1   -7.456012    1.000000    0.000000   -1.000000    0.000000 
  5  1   -6.149844    1.000000    0.000000    1.000000    0.000000 
  6  1   -5.777701    1.000000    0.000000   -1.000000    0.000000 
  7  1   -5.460483    1.000000    0.000000    1.000000    0.000000 
  8  1   -4.176623    1.000000    0.000000   -1.000000    0.000000 
  9  1   -3.062201    1.000000    0.000000    1.000000    0.000000 
 10  1   -0.382972    1.000000    0.000000    1.000000    0.000000 
 11  1    0.243656    1.000000    0.000000    1.000000    0.000000 
 12  1    0.550336    1.000000    0.000000   -1.000000    0.000000 
 13  1    2.061884    1.000000    0.000000   -1.000000    0.000000 
 14  1    5.019242    1.000000    0.000000    1.000000    0.000000 
 15  1    5.894227    1.000000    0.000000    1.000000    0.000000 
 16  1    6.150016    1.000000    0.000000   -1.000000    0.000000 
  6
    1    2    3    4    5    6 
  1  1  -14.560284    1.000000    0.000000    1.000000    0.000000    1.000000    0.000000    1.000000    0.000000    1.000000    0.000000    1.000000    0.000000 
  2  1  -14.404187    1.000000    0.000000   -1.000000    0.000000    1.000000    0.000000   -1.000000    0.000000    1.000000    0.000000   -1.000000    0.000000 
  3  1   -7.945929    1.000000    0.000000    0.500000    0.866026   -0.500000    0.866026   -1.000000    0.000000   -0.500000   -0.866025    0.500000   -0.866025 
  4  1   -7.119918    1.000000    0.000000   -0.500000    0.866026   -0.500000   -0.866025    1.000000    0.000000   -0.500000    0.866026   -0.500000   -0.866025 
  5  1   -6.624419    1.000000    0.000000   -0.500000   -0.866025   -0.500000    0.866026    1.000000    0.000000   -0.500000   -0.866025   -0.500000    0.866026 
  6  1   -6.116288    1.000000    0.000000    1.000000    0.000000    1.000000    0.000000    1.000000    0.000000    1.000000    0.000000    1.000000    0.000000 
  7  1   -5.433750    1.000000    0.000000    0.500000   -0.866025   -0.500000   -0.866025   -1.000000    0.000000   -0.500000    0.866026    0.500000    0.866026 
  8  1   -4.692142    1.000000    0.000000   -1.000000    0.000000    1.000000    0.000000   -1.000000    0.000000    1.000000    0.000000   -1.000000    0.000000 
  9  1   -2.561877    1.000000    0.000000   -0.500000   -0.866025   -0.500000    0.866026    1.000000    0.000000   -0.500000   -0.866025   -0.500000    0.866026 
 10  1   -0.886553    1.000000    0.000000   -0.500000    0.866026   -0.500000   -0.866025    1.000000    0.000000   -0.500000    0.866026   -0.500000   -0.866025 
 11  1    0.506145    1.000000    0.000000    0.500000    0.866026   -0.500000    0.866026   -1.000000    0.000000   -0.500000   -0.866025    0.500000   -0.866025 
 12  1    0.980667    1.000000    0.000000    1.000000    0.000000    1.000000    0.000000    1.000000    0.000000    1.000000    0.000000    1.000000    0.000000 
 13  1    2.339872    1.000000    0.000000   -1.000000    0.000000    1.000000    0.000000   -1.000000    0.000000    1.000000    0.000000   -1.000000    0.000000 
 14  1    4.716127    1.000000    0.000000   -0.500000   -0.866025   -0.500000    0.866026    1.000000    0.000000   -0.500000   -0.866025   -0.500000    0.866026 
 15  1    5.133760    1.000000    0.000000   -0.500000    0.866026   -0.500000   -0.866025    1.000000    0.000000   -0.500000    0.866026   -0.500000   -0.866025 
 16  1    7.127896    1.000000    0.000000    0.500000   -0.866025   -0.500000   -0.866025   -1.000000    0.000000   -0.500000    0.866025    0.500000    0.866025 
